	index	normalized_values
0	-500	3333.333333333333
1	-499	3375.125376128385
2	-498	3136.8631368631372
3	-497	3293.353323338331
4	-496	3406.5934065934066
5	-495	3193.4032983508246
6	-494	3115.327009485771
7	-493	3329.989969909729
8	-492	3101.898101898102
9	-491	3411.588411588412
10	-490	3310.0
11	-489	3165.0
12	-488	3195.2071892161757
13	-487	3213.393303348326
14	-486	3021.9780219780223
15	-485	3191.808191808192
16	-484	3275.0
17	-483	3493.253373313343
18	-482	3181.818181818182
19	-481	3058.470764617691
20	-480	3139.70956434652
21	-479	3366.6333666333667
22	-478	3110.0
23	-477	3178.1781781781783
24	-476	3213.393303348326
25	-475	3193.193193193193
26	-474	3343.313373253493
27	-473	3026.513256628314
28	-472	3326.6533066132265
29	-471	3216.783216783217
30	-470	3105.0
31	-469	3106.893106893107
32	-468	3241.6208104052025
33	-467	3250.0
34	-466	3152.8822055137844
35	-465	3093.093093093093
36	-464	3264.7943831494485
37	-463	3002.5062656641603
38	-462	3174.5235707121365
39	-461	3048.048048048048
40	-460	3231.615807903952
41	-459	3119.358074222668
42	-458	3512.2930255895635
43	-457	3152.8822055137844
44	-456	3157.894736842105
45	-455	3321.6256899147015
46	-454	3254.764292878636
47	-453	3279.839518555667
48	-452	3289.8696088264796
49	-451	3146.011038635223
50	-450	3259.557344064386
51	-449	3115.9056698444556
52	-448	3340.030135610246
53	-447	3206.2217762167584
54	-446	3202.81124497992
55	-445	3170.8542713567836
56	-444	3236.3271450075263
57	-443	3279.678068410463
58	-442	3273.001508295626
59	-441	3440.6438631790743
60	-440	3391.959798994975
61	-439	3329.984932194877
62	-438	3216.08040201005
63	-437	3159.2164741336014
64	-436	3241.3447064726543
65	-435	3227.911646586346
66	-434	3257.9185520361993
67	-433	3274.7363134103466
68	-432	3591.1602209944754
69	-431	3376.818866031109
70	-430	3485.915492957746
71	-429	3266.432513798294
72	-428	3313.222724987431
73	-427	3259.6685082872928
74	-426	3244.7342026078236
75	-425	3161.322645290581
76	-424	3448.9693313222724
77	-423	3194.164989939638
78	-422	2897.38430583501
79	-421	3581.4889336016095
80	-420	3557.788944723618
81	-419	3351.703406813627
82	-418	3381.836427496237
83	-417	3356.748620170597
84	-416	3072.6817042606513
85	-415	3169.5085255767303
86	-414	3353.413654618474
87	-413	3061.8401206636504
88	-412	3402.010050251256
89	-411	3278.1954887218044
90	-410	3443.775100401607
91	-409	3471.943887775551
92	-408	3415.122684026039
93	-407	3451.548451548452
94	-406	3463.4634634634635
95	-405	3506.7533766883444
96	-404	3440.160240360541
97	-403	3733.7337337337335
98	-402	3541.7708854427215
99	-401	3251.625812906453
100	-400	3551.775887943972
101	-399	3411.705852926463
102	-398	3508.5085085085084
103	-397	3295.0574138791812
104	-396	3501.498501498502
105	-395	3514.7279081377933
106	-394	3572.496263079223
107	-393	3481.5184815184816
108	-392	3401.598401598402
109	-391	3543.5435435435434
110	-390	3464.8027958062903
111	-389	3418.4184184184182
112	-388	3476.523476523477
113	-387	3516.209476309227
114	-386	3404.7856430707875
115	-385	3283.433133732535
116	-384	3178.6427145708585
117	-383	3600.997506234414
118	-382	3431.5684315684316
119	-381	3419.740777666999
120	-380	3546.1346633416456
121	-379	3586.4135864135865
122	-378	3351.6209476309223
123	-377	3401.4962593516207
124	-376	3461.3466334164586
125	-375	3476.7383691845926
126	-374	3206.793206793207
127	-373	3470.0
128	-372	3401.7008504252126
129	-371	3557.548579970105
130	-370	3528.2358820589707
131	-369	3436.563436563437
132	-368	3221.6108054027013
133	-367	3635.4531797696545
134	-366	3318.3183183183182
135	-365	3510.0
136	-364	3473.4734734734734
137	-363	3700.550826239359
138	-362	3667.8374310085296
139	-361	3408.6345381526107
140	-360	3552.104208416834
141	-359	3246.3622679377822
142	-358	3582.538886101355
143	-357	3321.6256899147015
144	-356	3507.0140280561122
145	-355	3159.4784353059176
146	-354	3412.0603015075376
147	-353	3460.381143430291
148	-352	3355.0979407332998
149	-351	3435.7682619647353
150	-350	3540.9342039176295
151	-349	3497.7352793155515
152	-348	3405.4325955734407
153	-347	3509.30115635998
154	-346	3329.9798792756537
155	-345	3341.7085427135676
156	-344	3709.109209864117
157	-343	3432.310015098138
158	-342	3217.697335344394
159	-341	3234.4064386317905
160	-340	3385.311871227364
161	-339	3350.1513622603434
162	-338	3653.266331658291
163	-337	3533.266129032258
164	-336	3494.218200100553
165	-335	3480.8853118712273
166	-334	3341.7085427135676
167	-333	3368.4738955823295
168	-332	3390.256152687092
169	-331	3157.0996978851963
170	-330	3552.433517310587
171	-329	3340.040241448692
172	-328	3371.917463512834
173	-327	3365.1911468812878
174	-326	3662.8198695434016
175	-325	3469.079939668175
176	-324	3430.583501006036
177	-323	3197.586726998492
178	-322	3296.426774031203
179	-321	3358.4715937657115
180	-320	3289.7384305835008
181	-319	3133.8028169014083
182	-318	3199.397287795078
183	-317	3157.3655103066867
184	-316	3155.7788944723616
185	-315	3175.8793969849244
186	-314	3475.6403817177297
187	-313	3308.1950729009554
188	-312	3348.41628959276
189	-311	3152.8822055137844
190	-310	3237.8079436902967
191	-309	3148.614609571788
192	-308	3077.6942355889723
193	-307	3207.6420311714433
194	-306	3363.408521303258
195	-305	3415.122684026039
196	-304	3194.3746860873935
197	-303	3304.914744232698
198	-302	3383.534136546185
199	-301	3133.8028169014083
200	-300	3319.9397287795077
201	-299	3162.907268170426
202	-298	3047.6190476190473
203	-297	3144.71707561342
204	-296	3321.6432865731463
205	-295	3214.4650929181316
206	-294	2894.472361809045
207	-293	3176.3527054108217
208	-292	3283.0568124685774
209	-291	3232.7802916038213
210	-290	3289.6725440806044
211	-289	3107.0889894419306
212	-288	3279.678068410463
213	-287	3298.139768728004
214	-286	3311.524911927529
215	-285	3005.5471507816437
216	-284	3482.6371414192254
217	-283	3232.476046394352
218	-282	3281.25
219	-281	3331.6532258064517
220	-280	2985.3756933938475
221	-279	3009.0725806451615
222	-278	3090.9090909090905
223	-277	3182.2759315206445
224	-276	3113.017154389506
225	-275	3115.8320687910978
226	-274	3356.9620253164558
227	-273	3476.503284487115
228	-272	3156.2974203338395
229	-271	3104.145601617796
230	-270	3021.7281455280445
231	-269	2809.4997473471453
232	-268	3137.6518218623482
233	-267	3561.2968591691997
234	-266	3419.4528875379942
235	-265	3280.7731434384536
236	-264	3052.738336713996
237	-263	3170.9791983764585
238	-262	3164.5569620253164
239	-261	3155.487804878049
240	-260	3206.1068702290077
241	-259	3129.459734964322
242	-258	3034.623217922607
243	-257	3290.9460834181077
244	-256	3397.860417727967
245	-255	3248.47250509165
246	-254	3460.559796437659
247	-253	3175.8130081300815
248	-252	3433.3672431332657
249	-251	3153.3367294956697
250	-250	3057.682491066871
251	-249	3435.426237876468
252	-248	3372.508942258559
253	-247	3229.4328053142563
254	-246	3250.127356087621
255	-245	3197.5560081466397
256	-244	3552.49745158002
257	-243	3323.1396534148826
258	-242	3248.601931875953
259	-241	3357.1064696892513
260	-240	3402.9546612328068
261	-239	3275.5985736118187
262	-238	3319.7763091001525
263	-237	3357.0701932858597
264	-236	3468.765871000508
265	-235	3351.926977687627
266	-234	3314.8054573016675
267	-233	3415.866599292572
268	-232	3405.6508577194754
269	-231	3141.4141414141413
270	-230	3237.373737373737
271	-229	3371.975806451613
272	-228	3447.753659767794
273	-227	3311.4588591620395
274	-226	3403.826787512588
275	-225	3378.582202111614
276	-224	3490.4714142427283
277	-223	3380.1404212637913
278	-222	3375.0625938908365
279	-221	3522.613065326633
280	-220	3373.5545500251383
281	-219	3524.9621785173977
282	-218	3501.513622603431
283	-217	3365.239294710327
284	-216	3427.1356783919596
285	-215	3356.7839195979896
286	-214	3679.435483870968
287	-213	3581.4889336016095
288	-212	3455.919395465995
289	-211	3580.060422960725
290	-210	3177.4761186525893
291	-209	3298.086606243706
292	-208	3251.0080645161293
293	-207	3672.0321931589538
294	-206	3584.7159376571144
295	-205	3236.1809045226128
296	-204	3534.439416792358
297	-203	3050.6773707977923
298	-202	3556.002009040683
299	-201	3567.134268537074
300	-200	3177.7108433734943
301	-199	3308.270676691729
302	-198	3403.6144578313256
303	-197	3331.6633266533067
304	-196	3490.7081868407836
305	-195	3684.210526315789
306	-194	3553.8847117794485
307	-193	3477.1700953336676
308	-192	3591.549295774648
309	-191	3457.661290322581
310	-190	3306.532663316583
311	-189	3197.3816717019135
312	-188	3400.6054490413726
313	-187	3741.8053454362075
314	-186	3558.808682483594
315	-185	3569.261880687563
316	-184	3392.315470171891
317	-183	3407.5949367088606
318	-182	3490.8536585365855
319	-181	3396.0345704117944
320	-180	3630.3462321792263
321	-179	3623.853211009174
322	-178	3591.8367346938776
323	-177	3467.413441955194
324	-176	3540.499235863474
325	-175	3653.0612244897957
326	-174	3619.193466054109
327	-173	3542.6237876467585
328	-172	3413.3878385283597
329	-171	3548.3870967741937
330	-170	3485.3921066119938
331	-169	3649.4105586878522
332	-168	3524.2966751918157
333	-167	3521.271143003588
334	-166	3502.5641025641025
335	-165	3387.9222108495396
336	-164	3538.146441372248
337	-163	3239.6525293817067
338	-162	3376.024590163934
339	-161	3350.4624871531346
340	-160	3365.77868852459
341	-159	3529.713114754098
342	-158	3730.1180092355057
343	-157	3635.432667690732
344	-156	3642.418032786885
345	-155	3652.6639344262294
346	-154	3514.3442622950815
347	-153	3343.5897435897436
348	-152	3172.4845995893224
349	-151	3340.1639344262294
350	-150	3264.887063655031
351	-149	3456.7901234567903
352	-148	3345.342254246011
353	-147	3537.5901132852728
354	-146	3494.5959855892947
355	-145	3543.9137134052385
356	-144	3323.076923076923
357	-143	3210.25641025641
358	-142	3268.3427398665985
359	-141	3323.076923076923
360	-140	3468.6536485097636
361	-139	3468.445356593125
362	-138	3212.090163934426
363	-137	3372.6899383983573
364	-136	3617.2396100564392
365	-135	3496.9325153374234
366	-134	3222.8454869964303
367	-133	3229.2732855680656
368	-132	3198.773633111906
369	-131	3202.4477307496177
370	-130	3444.216990788127
371	-129	3401.5345268542196
372	-128	3170.234454638124
373	-127	3488.49104859335
374	-126	3444.216990788127
375	-125	3362.4229979466118
376	-124	3120.822622107969
377	-123	3095.115681233933
378	-122	3124.3576567317577
379	-121	3109.6311475409834
380	-120	3110.3166496424924
381	-119	3162.4807790876475
382	-118	3161.1253196930943
383	-117	3302.4691358024693
384	-116	3436.3730036063885
385	-115	3324.7156153050673
386	-114	3410.8527131782944
387	-113	3193.3644375324
388	-112	2950.310559006211
389	-111	3395.348837209302
390	-110	3281.813498196806
391	-109	3128.865979381443
392	-108	3134.020618556701
393	-107	3355.7394002068254
394	-106	3288.311688311688
395	-105	3604.5905059989564
396	-104	3390.894819466248
397	-103	3047.819232790331
398	-102	3212.5984251968503
399	-101	3405.1497635312667
400	-100	3096.234309623431
401	-99	3248.041775456919
402	-98	3301.9361590790163
403	-97	3132.530120481928
404	-96	3331.5926892950392
405	-95	3197.2428419936373
406	-94	3292.488012786361
407	-93	3179.1285637439482
408	-92	2817.2043010752686
409	-91	2983.306408185245
410	-90	2966.3281667557458
411	-89	3152.2323830016135
412	-88	3144.081414033208
413	-87	3548.0407944176063
414	-86	3515.2487961476722
415	-85	3477.546549835706
416	-84	3055.705786911844
417	-83	3156.440022111664
418	-82	3067.1103716028842
419	-81	3017.7187153931336
420	-80	3200.4429678848282
421	-79	2875.4171301446054
422	-78	3300.6535947712414
423	-77	3320.484581497797
424	-76	4097.350585335798
425	-75	2711.7768595041325
426	-74	3681.792073520965
427	-73	65068.49315068493
428	-72	289.20570264765786
429	-71	3907.02274975272
430	-70	3998.0009995002497
431	-69	4419.047619047619
432	-68	3615.337796713329
433	-67	3574.4680851063827
434	-66	3569.4210230466556
435	-65	3702.5147137506688
436	-64	3372.3892002037696
437	-63	3243.7713727405962
438	-62	3089.3536121673005
439	-61	3138.8621022179364
440	-60	3184.2751842751845
441	-59	3210.912906610703
442	-58	3550.600343053173
443	-57	3782.0131030375223
444	-56	3856.554967666079
445	-55	3903.5333707235
446	-54	3701.5706806282724
447	-53	3774.7336377473366
448	-52	3425.60553633218
449	-51	3184.2751842751845
450	-50	3075.7726819541376
451	-49	3447.7379095163806
452	-48	3344.155844155844
453	-47	3842.0204191295006
454	-46	3581.2531839021904
455	-45	3762.278978388998
456	-44	3783.917118894919
457	-43	3425.2758274824473
458	-42	3070.394408387419
459	-41	2942.8989751098097
460	-40	2991.329479768786
461	-39	3073.529411764706
462	-38	3140.9601634320734
463	-37	3451.1873350923483
464	-36	3829.113924050633
465	-35	3872.4489795918366
466	-34	3509.2864125122187
467	-33	3410.9263657957245
468	-32	3298.627543776621
469	-31	3232.1772639691712
470	-30	2995.0
471	-29	3130.571578395385
472	-28	3251.336898395722
473	-27	3456.591639871383
474	-26	3779.527559055118
475	-25	3879.6680497925313
476	-24	3744.1980402269214
477	-23	3744.245524296675
478	-22	3614.0888208269525
479	-21	3214.6439317953864
480	-20	2919.921875
481	-19	2945.736434108527
482	-18	3229.268292682927
483	-17	3392.0483140412684
484	-16	4004.149377593361
485	-15	4108.858057630736
486	-14	4023.605150214592
487	-13	3834.625322997416
488	-12	3396.871945259042
489	-11	3050.284629981025
490	-10	3047.7597242737565
491	-9	2996.389891696751
492	-8	2786.632390745501
493	-7	3033.596837944664
494	-6	3313.9816158684084
495	-5	4049.5049504950493
496	-4	3942.40317775571
497	-3	3719.5715676728337
498	-2	3251.5632515632515
499	-1	3265.8959537572255
500	0	3336.609336609337
501	1	3166.1600810536984
502	2	3333.333333333333
503	3	3380.92809790923
504	4	3422.1105527638188
505	5	3723.404255319149
506	6	3631.1787072243346
507	7	3848.425196850394
508	8	3655.244029075805
509	9	3362.9794330183436
510	10	3254.8794489092998
511	11	3010.7526881720432
512	12	3295.0819672131147
513	13	3491.6351861845656
514	14	3764.1968631692807
515	15	3514.799154334038
516	16	3604.887983706721
517	17	3891.6015625
518	18	3398.849472674976
519	19	3296.385542168675
520	20	3218.5557149689143
521	21	2726.836293807009
522	22	2828.232971372162
523	23	3323.013415892673
524	24	3538.543897216274
525	25	3631.9481921208853
526	26	4141.574220813523
527	27	3801.4403292181073
528	28	3660.1307189542486
529	29	3379.040156709109
530	30	2987.893462469734
531	31	2923.5237173281703
532	32	2951.866404715128
533	33	3466.054109239408
534	34	3718.700053276505
535	35	4103.260869565217
536	36	3978.723404255319
537	37	3694.331983805668
538	38	3525.9259259259256
539	39	3437.190900098912
540	40	3157.3655103066867
541	41	3118.503118503119
542	42	3435.319377348363
543	43	3144.4141689373296
544	44	3351.120597652081
545	45	3663.5706914344687
546	46	3555.555555555555
547	47	3631.3686313686317
548	48	3592.5196850393704
549	49	3213.083213083213
550	50	2893.496701225259
551	51	2842.998585572843
552	52	2982.0415879017014
553	53	3117.195004803074
554	54	3407.8489816194733
555	55	3855.9754851889684
556	56	3508.7719298245615
557	57	3417.6561693340213
558	58	3085.3174603174602
559	59	2967.4017257909873
560	60	2824.4631185807657
561	61	2977.2410589874594
562	62	2847.8964401294497
563	63	3074.356530028599
564	64	3244.1802872709263
565	65	3529.1033036182484
566	66	3580.7150595882995
567	67	3698.403962575674
568	68	3230.688935281837
569	69	2875.1210067763795
570	70	2063.210227272727
571	71	2137.3510861948143
572	72	3198.558847077662
573	73	30375.33512064343
574	74	781.1663991439272
575	75	3075.880758807588
576	76	3646.687697160883
577	77	3002.9850746268653
578	78	3858.8235294117644
579	79	3694.3793911007024
580	80	3424.260011607661
581	81	3306.818181818182
582	82	2933.4849346219444
583	83	3114.01020986954
584	84	3055.0918196994994
585	85	3181.067694001101
586	86	3143.1646932185145
587	87	3593.5828877005347
588	88	3578.274760383387
589	89	3584.8047084002137
590	90	3363.6850562399572
591	91	3203.62473347548
592	92	2861.685214626391
593	93	2909.8576700052713
594	94	2888.5400313971745
595	95	2901.202300052274
596	96	3270.8333333333335
597	97	3301.9853709508884
598	98	3173.5278791037
599	99	3376.9633507853405
600	100	3202.5117739403454
601	101	3216.3436354112105
602	102	2920.353982300885
603	103	3089.3042575285567
604	104	2863.0278063851697
605	105	2981.4624098867143
606	106	3283.582089552239
607	107	3353.9412673879447
608	108	3392.0248575867427
609	109	3139.896373056995
610	110	3255.4517133956388
611	111	3212.4352331606215
612	112	3145.3698913605795
613	113	3290.289256198347
614	114	3029.9896587383664
615	115	3176.6528925619837
616	116	3372.8726147498714
617	117	3544.238683127572
618	118	3372.8726147498714
619	119	3457.172342621259
620	120	3178.053830227743
621	121	3010.362694300518
622	122	3321.2435233160622
623	123	3141.2253374870197
624	124	3128.898128898129
625	125	3236.3636363636365
626	126	3457.556935817805
627	127	3491.9813760993275
628	128	3520.9086215797624
629	129	3438.30665978317
630	130	3433.1440371708827
631	131	3360.867320598864
632	132	3407.2164948453606
633	133	3213.1822863027805
634	134	3160.0617601646936
635	135	3390.0928792569657
636	136	3508.230452674897
637	137	3785.8606557377047
638	138	3391.304347826087
639	139	3396.3227783452503
640	140	3326.530612244898
641	141	3176.9505354411017
642	142	3156.8228105906314
643	143	3326.5513733468974
644	144	3458.60843067547
645	145	3198.17536746072
646	146	3429.7311009639775
647	147	3321.501014198783
648	148	3645.5696202531644
649	149	3592.723597776655
650	150	3627.1529888551167
651	151	3741.1526794742163
652	152	3265.9251769464104
653	153	3054.711246200608
654	154	3051.6194331983806
655	155	3336.698637051994
656	156	3533.5689045936397
657	157	3530.6019221041984
658	158	3495.4407294832827
659	159	3375.506072874494
660	160	3647.4164133738605
661	161	3509.1277890466536
662	162	3186.1998985286655
663	163	3527.918781725888
664	164	3426.254434870755
665	165	3291.0106653123416
666	166	3419.191919191919
667	167	3646.464646464646
668	168	3412.537917087968
669	169	3494.9494949494947
670	170	3447.753659767794
671	171	3531.4861460957177
672	172	3506.559031281534
673	173	3341.721187720181
674	174	3346.7741935483873
675	175	3269.4248234106963
676	176	3537.996980372421
677	177	3479.1352438411263
678	178	3428.8587229763702
679	179	3475.2128192288433
680	180	3655.483224837256
681	181	3239.7191574724175
682	182	3610.415623435153
683	183	3495.4864593781344
684	184	3408.6345381526107
685	185	3520.2804206309465
686	186	3303.2581453634084
687	187	3493.4934934934936
688	188	3481.740870435218
689	189	3560.3405107661492
690	190	3585.378067100651
691	191	3443.775100401607
692	192	3510.5315947843533
693	193	3473.8955823293177
694	194	3584.3373493975905
695	195	3390.3420523138834
696	196	3469.2849949647534
697	197	3351.7866129843987
698	198	3450.88161209068
699	199	3445.843828715365
700	200	3593.75
701	201	3407.2580645161293
702	202	3326.6129032258063
703	203	3326.6129032258063
704	204	3420.7870837537844
705	205	3397.177419354839
706	206	3429.003021148036
707	207	3541.8768920282546
708	208	3641.4141414141413
709	209	3558.467741935484
710	210	3476.070528967254
711	211	3560.2622289460414
712	212	3361.9384149419484
713	213	3407.3700151438666
714	214	3378.7878787878785
715	215	3546.5994962216623
716	216	3560.2622289460414
717	217	3388.9731917046033
718	218	3590.9090909090905
719	219	3292.929292929293
720	220	3306.4109035840484
721	221	3464.249748237664
722	222	3442.3754403623557
723	223	3392.1370967741937
724	224	3397.177419354839
725	225	3189.8734177215188
726	226	3410.931174089069
727	227	3456.6649771920934
728	228	3343.4959349593496
729	229	3225.3164556962024
730	230	3331.645569620253
731	231	3145.8966565349547
732	232	3335.022807906741
733	233	3355.3299492385786
734	234	3399.2897006595636
735	235	3228.5859097820576
736	236	3446.700507614213
737	237	3530.901722391084
738	238	3412.8999492127987
739	239	3377.215189873418
740	240	3365.4333502280792
741	241	3311.392405063291
742	242	3139.240506329114
743	243	3252.4026302478505
744	244	3459.787556904401
745	245	3272.5430597771024
746	246	3385.6275303643724
747	247	3221.884498480243
748	248	3240.6471183013145
749	249	3324.911571500758
750	250	3346.8354430379745
751	251	3203.6382011116725
752	252	3153.3804238143293
753	253	2931.645569620253
754	254	3181.588265048053
755	255	3045.0177035913002
756	256	3112.3481781376518
757	257	3191.489361702128
758	258	3362.025316455696
759	259	3362.025316455696
760	260	3382.204246713852
761	261	3335.02024291498
762	262	3174.924165824065
763	263	3126.2626262626263
764	264	3238.8663967611337
765	265	3218.7973724103085
766	266	3000.0
767	267	3187.0902672718103
768	268	3133.1987891019176
769	269	3405.6508577194754
770	270	3222.222222222222
771	271	3313.161875945537
772	272	3204.225352112676
773	273	3205.645161290323
774	274	3202.416918429003
775	275	3175.8793969849244
776	276	3135.678391959799
777	277	3118.387909319899
778	278	3083.123425692695
779	279	3217.697335344394
780	280	2984.3985908404634
781	281	3465.5951783023606
782	282	2968.357609241587
783	283	3046.757164404223
784	284	3251.256281407035
785	285	3194.164989939638
786	286	3140.7035175879396
787	287	3197.791164658635
788	288	3205.8379466532465
789	289	3224.5102963335007
790	290	3162.3931623931626
791	291	3170.8542713567836
792	292	3299.899699097292
793	293	3363.499245852187
794	294	3272.9103726082576
795	295	3239.5781014565546
796	296	3212.8514056224903
797	297	3179.3068809643396
798	298	3294.826720241085
799	299	3192.346424974824
800	300	3113.3501259445843
801	301	3175.8793969849244
802	302	3331.6608128449575
803	303	3241.3447064726543
804	304	3326.6432513798295
805	305	3269.713711702662
806	306	3034.72571716155
807	307	3540.9342039176295
808	308	3326.6331658291456
809	309	3289.8041185334005
810	310	3199.195171026157
811	311	3435.6136820925553
812	312	3201.005025125628
813	313	3329.9798792756537
814	314	3343.388637506285
815	315	3467.539003522899
816	316	3056.394763343404
817	317	3283.0568124685774
818	318	3311.524911927529
819	319	3396.9849246231156
820	320	3331.6582914572864
821	321	3138.2441977800204
822	322	3464.447806354009
823	323	3180.674383492703
824	324	3373.6153071500503
825	325	3093.5613682092553
826	326	3314.9171270718234
827	327	3252.7693856998994
828	328	3370.2213279678067
829	329	3358.5095669687817
830	330	3532.964267740312
831	331	3351.758793969849
832	332	3546.277665995976
833	333	3303.1674208144796
834	334	3205.8379466532465
835	335	3314.8893360160964
836	336	3482.412060301507
837	337	3415.4929577464786
838	338	3439.0735146022157
839	339	3388.637506284565
840	340	3420.523138832998
841	341	3380.2109492717227
842	342	3470.824949698189
843	343	3417.0854271356784
844	344	3432.1608040201004
845	345	3299.8493219487696
846	346	3438.59649122807
847	347	3405.3239578101457
848	348	3294.826720241085
849	349	3247.991967871486
850	350	3283.208020050125
851	351	3589.74358974359
852	352	3376.753507014028
853	353	3582.164328657315
854	354	3401.8036072144287
855	355	3190.0
856	356	3592.184368737475
857	357	3545.3179769654485
858	358	3598.5985985985985
859	359	3304.914744232698
860	360	3655.483224837256
861	361	3475.2128192288433
862	362	3496.5034965034965
863	363	3533.2333833083458
864	364	3339.9900149775335
865	365	3298.298298298298
866	366	3383.3833833833833
867	367	3650.0
868	368	3455.182774161242
869	369	3316.6583291645825
870	370	3506.7533766883444
871	371	3551.1221945137154
872	372	3588.205897051474
873	373	3436.7183591795897
874	374	3536.4635364635365
875	375	3340.0
876	376	3093.453273363318
877	377	3355.0
878	378	3428.4284284284286
879	379	3726.863431715858
880	380	3638.180909545227
881	381	3453.453453453453
882	382	3413.4134134134133
883	383	3261.6308154077037
884	384	3316.6583291645825
885	385	3411.823647294589
886	386	3572.1442885771544
887	387	3276.63831915958
888	388	3510.265398097146
889	389	3746.2387161484453
890	390	3341.6833667334668
891	391	3458.646616541353
892	392	3478.6967418546365
893	393	3192.9824561403507
894	394	3754.3859649122805
895	395	3586.793396698349
896	396	3221.2744606121423
897	397	3504.016064257028
898	398	3274.7363134103466
899	399	3530.8890005022604
900	400	3478.915662650603
901	401	3373.4939759036147
902	402	3281.4851981936777
903	403	3319.959879638917
904	404	3487.437185929648
905	405	3650.952858575727
906	406	3395.2787543947766
907	407	3630.4456685027544
908	408	3264.6911099949775
909	409	3273.001508295626
910	410	3294.8846539618858
911	411	3333.3333333333335
912	412	3440.4821697639377
913	413	3395.2787543947766
914	414	3383.534136546185
915	415	3428.7148594377513
916	416	3652.784746613146
917	417	3455.5499748869915
918	418	3403.6144578313256
919	419	3432.0120421475162
920	420	3460.381143430291
921	421	3137.2549019607845
922	422	3373.4335839598994
923	423	3380.2109492717227
924	424	3559.2369477911648
925	425	3304.9574361542313
926	426	3415.245737211635
927	427	3019.5292939409114
928	428	3360.1205424409845
929	429	3537.380832915203
930	430	3376.753507014028
931	431	3466.933867735471
932	432	3386.853988961365
933	433	3229.844767150726
934	434	3406.9242348218763
935	435	3110.8881083793276
936	436	3326.6432513798295
937	437	3295.0
938	438	3175.0
939	439	3254.764292878636
940	440	3256.513026052104
941	441	3081.1623246492986
942	442	3197.9949874686713
943	443	3308.3083083083084
944	444	3223.223223223223
945	445	3026.513256628314
946	446	3176.3527054108217
947	447	3321.6432865731463
948	448	3184.7771657486232
949	449	3416.7083541770885
950	450	3254.882323485228
951	451	3301.6983016983017
952	452	3401.8036072144287
953	453	3010.4842735896154
954	454	3170.0
955	455	3346.693386773547
956	456	3226.7732267732267
957	457	3185.222166749875
958	458	3178.1781781781783
959	459	3191.5957978989495
960	460	3178.6427145708585
961	461	3314.972458688032
962	462	3310.0
963	463	3276.553106212425
964	464	3313.3133133133133
965	465	3091.5457728864435
966	466	3156.5782891445724
967	467	3256.513026052104
968	468	3273.2732732732734
969	469	3328.3208020050124
970	470	3044.5668502754133
971	471	3246.623311655828
972	472	3216.432865731463
973	473	3006.012024048096
974	474	3303.3033033033034
975	475	2919.3790686029047
976	476	3336.673346693387
977	477	3174.7621432148226
978	478	3154.732098147221
979	479	3445.1677516274412
980	480	3167.9197994987467
981	481	3391.7835671342687
982	482	3376.753507014028
983	483	3348.3709273182953
984	484	3490.4714142427283
985	485	3098.098098098098
986	486	3089.267803410231
987	487	3264.7943831494485
988	488	3437.185929648241
989	489	3413.654618473896
990	490	3060.7124937280482
991	491	3065.730055193176
992	492	3239.7191574724175
993	493	2953.2898041185335
994	494	3135.678391959799
995	495	3534.136546184739
996	496	3303.1674208144796
997	497	3428.8587229763702
998	498	3231.1557788944724
999	499	3306.532663316583
1000	500	3234.256926952141
