	index	normalized_values
0	-500	453293.2932932933
1	-499	906243.7311935808
2	-498	901938.061938062
3	-497	451414.2928535732
4	-496	451383.6163836164
5	-495	449185.4072963518
6	-494	449281.07838242635
7	-493	454864.59378134407
8	-492	448576.4235764236
9	-491	451943.056943057
10	-490	454705.0
11	-489	450705.0
12	-488	449725.4118821767
13	-487	452013.99300349824
14	-486	448481.5184815185
15	-485	451083.9160839161
16	-484	452240.0
17	-483	452053.97301349323
18	-482	448776.2237762238
19	-481	451574.2128935532
20	-480	451457.18577866803
21	-479	454185.81418581423
22	-478	448410.0
23	-477	453603.6036036036
24	-476	450909.5452273863
25	-475	452247.24724724726
26	-474	448368.2634730539
27	-473	452421.21060530265
28	-472	458241.4829659319
29	-471	449395.6043956044
30	-470	452020.0
31	-469	453576.4235764236
32	-468	454517.25862931466
33	-467	450615.0
34	-466	456135.3383458646
35	-465	451466.46646646643
36	-464	451479.43831494485
37	-463	451192.98245614034
38	-462	452422.2668004012
39	-461	454704.7047047047
40	-460	453751.875937969
41	-459	454633.90170511534
42	-458	458178.62518815853
43	-457	449994.98746867164
44	-456	451478.6967418546
45	-455	455403.9136979428
46	-454	453871.6148445336
47	-453	456845.5366098295
48	-452	457988.9669007021
49	-451	451435.0225790266
50	-450	455694.1649899396
51	-449	454706.47265429003
52	-448	456308.3877448518
53	-447	454129.4530858003
54	-446	455853.4136546185
55	-445	455643.21608040197
56	-444	455418.9663823382
57	-443	455382.2937625754
58	-442	455575.66616390145
59	-441	457157.9476861167
60	-440	457608.040201005
61	-439	457860.37167252635
62	-438	453798.99497487437
63	-437	458699.1461577097
64	-436	458379.32764676365
65	-435	455597.389558233
66	-434	456641.5284062343
67	-433	454630.83877448516
68	-432	455891.51180311403
69	-431	458600.1003512293
70	-430	455558.3501006036
71	-429	453998.99648770696
72	-428	461694.3187531423
73	-427	458618.78453038674
74	-426	453450.3510531595
75	-425	455015.0300601202
76	-424	459074.9120160885
77	-423	460196.17706237425
78	-422	457263.5814889336
79	-421	458118.71227364184
80	-420	458175.8793969849
81	-419	455551.10220440885
82	-418	460190.66733567487
83	-417	459653.78825890616
84	-416	457959.89974937344
85	-415	456484.45336008025
86	-414	461882.53012048197
87	-413	455208.64756158873
88	-412	455110.55276381905
89	-411	457649.1228070175
90	-410	458905.6224899599
91	-409	455526.05210420844
92	-408	461842.76414621936
93	-407	457737.26273726276
94	-406	458313.3133133133
95	-405	457383.69184592296
96	-404	457245.86880320485
97	-403	461291.2912912913
98	-402	454472.236118059
99	-401	454882.44122061034
100	-400	459529.76488244126
101	-399	456703.35167583794
102	-398	459044.04404404404
103	-397	457473.78931602597
104	-396	457762.2377622378
105	-395	457988.0179730404
106	-394	456980.56801195815
107	-393	457492.5074925075
108	-392	457142.85714285716
109	-391	457547.54754754755
110	-390	458711.9321018472
111	-389	461086.08608608606
112	-388	455519.48051948054
113	-387	456264.33915211965
114	-386	456640.07976071787
115	-385	460024.9500998004
116	-384	455129.7405189621
117	-383	455985.0374064838
118	-382	458161.8381618382
119	-381	459641.0767696909
120	-380	453316.7082294264
121	-379	456943.056943057
122	-378	459925.1870324189
123	-377	456673.3167082294
124	-376	454244.3890274314
125	-375	457498.7493746874
126	-374	459150.84915084916
127	-373	455595.0
128	-372	461380.6903451726
129	-371	451664.1753861485
130	-370	459740.12993503246
131	-369	457387.6123876124
132	-368	459159.579789895
133	-367	458652.97946920386
134	-366	459244.24424424424
135	-365	459585.0
136	-364	455565.56556556554
137	-363	457861.79268903355
138	-362	458314.099347717
139	-361	457906.6265060241
140	-360	457184.36873747496
141	-359	457325.6397390868
142	-358	459478.1736076267
143	-357	460110.38635223283
144	-356	457254.5090180361
145	-355	456123.370110331
146	-354	456371.8592964824
147	-353	459187.5626880642
148	-352	454369.6634856856
149	-351	454841.3098236776
150	-350	453385.2335509794
151	-349	457901.3588324107
152	-348	460457.74647887325
153	-347	454620.4122674711
154	-346	455684.1046277666
155	-345	455432.16080402007
156	-344	455108.2033215904
157	-343	451489.6829391042
158	-342	454122.67471091
159	-341	453309.8591549296
160	-340	455150.9054325956
161	-339	453890.0100908174
162	-338	454929.648241206
163	-337	452706.6532258065
164	-336	454695.82704876823
165	-335	452007.0422535211
166	-334	452467.3366834171
167	-333	450175.702811245
168	-332	448784.53038674034
169	-331	451837.8650553877
170	-330	452900.15052684397
171	-329	453425.5533199195
172	-328	449808.7569199799
173	-327	453692.152917505
174	-326	448830.90817862516
175	-325	453313.2227249874
176	-324	447535.2112676056
177	-323	446892.9110105581
178	-322	447161.5500754907
179	-321	448521.87028657616
180	-320	451946.6800804829
181	-319	451604.6277665996
182	-318	447935.71069814166
183	-317	448552.036199095
184	-316	449798.99497487437
185	-315	454834.17085427133
186	-314	448267.2024108488
187	-313	447078.9341377577
188	-312	446897.93866264453
189	-311	446716.79197994986
190	-310	445193.5646053293
191	-309	447541.56171284633
192	-308	448160.40100250626
193	-307	449974.86173956766
194	-306	450195.48872180446
195	-305	447376.0640961442
196	-304	443380.21094927174
197	-303	447693.07923771313
198	-302	448167.67068273097
199	-301	448893.36016096576
200	-300	447855.3490708187
201	-299	443814.5363408521
202	-298	446506.26566416037
203	-297	444586.88032048073
204	-296	441277.55511022045
205	-295	450025.11300853844
206	-294	447884.4221105527
207	-293	442615.2304609218
208	-292	442237.3051784817
209	-291	440165.91251885373
210	-290	446171.2846347607
211	-289	446244.3438914027
212	-288	446604.6277665996
213	-287	446711.915535445
214	-286	451358.83241066936
215	-285	445854.76550680783
216	-284	446758.933064922
217	-283	444694.9067070096
218	-282	442978.83064516133
219	-281	444334.67741935485
220	-280	446792.7382753404
221	-279	447066.53225806454
222	-278	446303.0303030303
223	-277	450745.2165156093
224	-276	450292.63370333
225	-275	448659.5852301467
226	-274	456648.10126582277
227	-273	446417.3825164224
228	-272	448745.574102175
229	-271	445505.5611729019
230	-270	450146.53865588683
231	-269	446129.3582617484
232	-268	450870.4453441296
233	-267	449984.80243161094
234	-266	453059.7771023303
235	-265	457761.9532044761
236	-264	449685.598377282
237	-263	445535.26128868596
238	-262	448577.2151898734
239	-261	450752.0325203252
240	-260	449877.8625954198
241	-259	450591.2334352701
242	-258	454052.9531568228
243	-257	451480.16276703967
244	-256	451543.55578196637
245	-255	455005.09164969454
246	-254	453231.55216284987
247	-253	452007.1138211382
248	-252	448565.61546286877
249	-251	450983.18899643404
250	-250	449055.640632976
251	-249	449423.1750893313
252	-248	453025.0383239652
253	-247	451982.6264690853
254	-246	452139.5822720326
255	-245	454653.76782077394
256	-244	456707.4413863404
257	-243	455025.4841997961
258	-242	448169.80172852054
259	-241	448823.2297503821
260	-240	448751.91034131433
261	-239	448767.1930718288
262	-238	449039.1459074733
263	-237	449496.43947100715
264	-236	450690.7059421026
265	-235	453189.6551724138
266	-234	449792.82465891866
267	-233	450970.1869631127
268	-232	448188.6982845611
269	-231	445853.5353535353
270	-230	444994.9494949495
271	-229	448573.58870967745
272	-228	448480.5653710247
273	-227	452579.50530035334
274	-226	447920.443101712
275	-225	449130.21618903975
276	-224	448495.48645937815
277	-223	447306.92076228687
278	-222	448868.30245368055
279	-221	447216.08040201
280	-220	450729.009552539
281	-219	450358.04336863337
282	-218	448804.23814328964
283	-217	448468.51385390427
284	-216	452502.51256281405
285	-215	452869.3467336683
286	-214	456386.08870967745
287	-213	450286.7203219316
288	-212	450005.0377833753
289	-211	448469.2849949648
290	-210	445067.87330316746
291	-209	445533.7361530715
292	-208	447626.0080645161
293	-207	451675.05030181084
294	-206	453539.4670688789
295	-205	455603.01507537684
296	-204	455404.7259929613
297	-203	447912.6944305068
298	-202	448141.6373681567
299	-201	446052.10420841683
300	-200	449146.58634538157
301	-199	447047.619047619
302	-198	449397.5903614458
303	-197	449509.01803607214
304	-196	450080.36162732297
305	-195	452536.3408521303
306	-194	453924.8120300752
307	-193	454766.6833918715
308	-192	451498.9939637827
309	-191	449727.82258064515
310	-190	446361.8090452261
311	-189	448403.8267875126
312	-188	448965.6912209889
313	-187	454533.5350479072
314	-186	455653.7102473498
315	-185	458210.3134479272
316	-184	457775.53083923156
317	-183	454577.2151898734
318	-182	453998.98373983736
319	-181	452155.5668530757
320	-180	451323.82892057026
321	-179	449801.2232415902
322	-178	453357.14285714284
323	-177	454271.89409368637
324	-176	457442.68976057053
325	-175	459576.53061224485
326	-174	455574.2725880552
327	-173	454497.1924451251
328	-172	450286.1522738886
329	-171	450532.51408090116
330	-170	452096.36084059457
331	-169	449564.32598667353
332	-168	450312.02046035806
333	-167	452224.50025627884
334	-166	455092.3076923077
335	-165	457748.2088024565
336	-164	458668.71479774703
337	-163	454624.4251405212
338	-162	451613.7295081967
339	-161	448920.86330935254
340	-160	443806.3524590164
341	-159	448637.2950819672
342	-158	448943.04771677783
343	-157	454582.6932923707
344	-156	455906.7622950819
345	-155	458637.2950819672
346	-154	463104.50819672126
347	-153	458358.9743589743
348	-152	455523.613963039
349	-151	447991.8032786885
350	-150	445000.0
351	-149	448955.76131687243
352	-148	448224.395265054
353	-147	457121.5242018537
354	-146	457431.8064848173
355	-145	460246.53312788904
356	-144	459764.10256410256
357	-143	456635.89743589744
358	-142	450451.5135967163
359	-141	443933.3333333333
360	-140	442204.5220966084
361	-139	445397.63981528993
362	-138	446890.368852459
363	-137	453916.8377823409
364	-136	459461.2621857363
365	-135	457684.0490797546
366	-134	460295.7674655788
367	-133	452871.03377686796
368	-132	444869.69851814
369	-131	436037.7358490566
370	-130	441581.3715455476
371	-129	438526.8542199488
372	-128	440718.6544342507
373	-127	447595.90792838874
374	-126	452896.6223132037
375	-125	460349.07597535936
376	-124	456555.2699228792
377	-123	448863.7532133676
378	-122	439131.55190133606
379	-121	435476.4344262295
380	-120	428064.3513789581
381	-119	434705.2793439262
382	-118	434710.9974424552
383	-117	447325.10288065847
384	-116	454162.80267903145
385	-115	459193.38159255433
386	-114	458795.86563307495
387	-113	454779.678589943
388	-112	438395.44513457554
389	-111	432325.5813953488
390	-110	430401.8547140649
391	-109	429716.4948453608
392	-108	435505.1546391752
393	-107	443304.03309203725
394	-106	450358.44155844155
395	-105	461210.22430881584
396	-104	462150.70643642073
397	-103	454308.985811876
398	-102	441023.6220472441
399	-101	438691.53967419866
400	-100	426401.67364016734
401	-99	419383.8120104438
402	-98	427728.9377289378
403	-97	439167.1031953903
404	-96	446757.18015665794
405	-95	462062.56627783674
406	-94	462349.4938732019
407	-93	457434.10435718123
408	-92	440317.20430107525
409	-91	428325.2557889068
410	-90	421170.49706039554
411	-89	417848.3055406132
412	-88	423160.1499732191
413	-87	431910.89640365005
414	-86	442182.9855537721
415	-85	461615.5531215772
416	-84	452574.3645213629
417	-83	448618.0210060807
418	-82	435097.0604547976
419	-81	416450.7198228128
420	-80	402580.28792912513
421	-79	395873.1924360401
422	-78	394765.79520697164
423	-77	408105.72687224665
424	-76	457634.01109057304
425	-75	372949.3801652893
426	-74	401671.45318782306
427	-73	10354931.506849315
428	-72	129509.16496945011
429	-71	30903.395977579952
430	-70	780699.6501749125
431	-69	818761.9047619047
432	-68	638916.6159464394
433	-67	514352.5835866261
434	-66	464727.3749297358
435	-65	447950.7758159443
436	-64	433698.42078451347
437	-63	427127.5036638984
438	-62	430446.7680608365
439	-61	437251.68756027
440	-60	444820.6388206388
441	-59	460288.56243441766
442	-58	500600.3430531732
443	-57	514377.60571768915
444	-56	503768.3715461493
445	-55	487515.42344363435
446	-54	467963.3507853403
447	-53	463292.7447995941
448	-52	455506.6732575383
449	-51	449597.0515970516
450	-50	444257.22831505485
451	-49	459641.1856474259
452	-48	467429.6536796537
453	-47	466292.3159591618
454	-46	455445.74630667345
455	-45	466311.394891945
456	-44	492407.4987666503
457	-43	502828.4854563691
458	-42	466600.0998502246
459	-41	412035.13909224013
460	-40	387658.9595375722
461	-39	391990.1960784314
462	-38	419136.87436159345
463	-37	450490.76517150394
464	-36	475005.2742616034
465	-35	472535.71428571426
466	-34	465879.7653958944
467	-33	451543.94299287413
468	-32	447728.3483199243
469	-31	440019.267822736
470	-30	437970.0
471	-29	447147.35186156264
472	-28	440588.23529411765
473	-27	450294.74812433013
474	-26	455039.3700787402
475	-25	476763.4854771784
476	-24	487833.93501805054
477	-23	478199.48849104857
478	-22	457223.0729964268
479	-21	436479.43831494485
480	-20	413471.6796875
481	-19	408318.7984496124
482	-18	418560.97560975613
483	-17	440578.7619526925
484	-16	476493.77593361
485	-15	513975.4535752401
486	-14	530262.8755364807
487	-13	502764.85788113694
488	-12	452277.61485826
489	-11	412443.0740037951
490	-10	409551.94485475135
491	-9	399824.65188241366
492	-8	381161.9537275064
493	-7	372386.36363636365
494	-6	400478.9550072569
495	-5	462955.44554455444
496	-4	506156.9016881827
497	-3	504279.4547224927
498	-2	476493.5064935065
499	-1	454229.28709055873
500	0	432943.488943489
501	1	426433.6372847011
502	2	433918.2194616977
503	3	428337.58286588476
504	4	445944.72361809044
505	5	458264.0232108317
506	6	472172.05323193915
507	7	507160.43307086616
508	8	531458.9823468329
509	9	519171.76209005003
510	10	475797.93340987375
511	11	422874.92925863044
512	12	404300.54644808744
513	13	417560.7123583378
514	14	445402.9204975662
515	15	459624.73572938686
516	16	463762.72912423627
517	17	473002.9296875
518	18	473422.8187919463
519	19	464356.6265060241
520	20	440148.2544237207
521	21	421017.7628420547
522	22	424866.73247778876
523	23	436609.907120743
524	24	450653.10492505354
525	25	465250.94441446307
526	26	475647.1209720021
527	27	480252.0576131687
528	28	477134.2383107089
529	29	449094.02546523017
530	30	424934.6246973366
531	31	403523.7173281704
532	32	407637.5245579568
533	33	433976.5186319551
534	34	475721.89664358017
535	35	501972.82608695654
536	36	502675.5319148936
537	37	480627.5303643725
538	38	467906.1728395061
539	39	459604.3521266073
540	40	446706.88788335846
541	41	446865.9043659044
542	42	440740.74074074073
543	43	439863.7602179837
544	44	434044.82390608324
545	45	437719.29824561405
546	46	472621.2121212121
547	47	500874.1258741259
548	48	494596.45669291343
549	49	453184.22318422317
550	50	423506.12629594724
551	51	414384.7241867044
552	52	413322.3062381852
553	53	424990.3938520653
554	54	442767.01440635865
555	55	467574.05515832483
556	56	476553.1475748194
557	57	473185.33815178106
558	58	444107.14285714284
559	59	419952.06136145734
560	60	399183.00653594773
561	61	398351.1379470506
562	62	406361.5349052242
563	63	422225.92945662537
564	64	453566.1218424963
565	65	481678.02831672784
566	66	491045.5037919827
567	67	474105.66868464503
568	68	447197.28601252614
569	69	403155.85672797676
570	70	295823.86363636365
571	71	289677.645409951
572	72	416096.8775020016
573	73	3395227.8820375334
574	74	827319.4221508828
575	75	61409.214092140915
576	76	399394.32176656154
577	77	452447.7611940298
578	78	413135.29411764705
579	79	422862.9976580796
580	80	429367.3824724318
581	81	418698.86363636365
582	82	414974.4172825469
583	83	408831.5371525808
584	84	403049.5269894268
585	85	412267.4738580077
586	86	423934.3379978472
587	87	434080.2139037433
588	88	450825.34611288604
589	89	452776.88603531296
590	90	444734.8687734333
591	91	426540.51172707893
592	92	424160.0423953365
593	93	414559.83131259884
594	94	414343.2757718472
595	95	416696.2885520125
596	96	430833.3333333333
597	97	444838.0355276907
598	98	451740.48983845755
599	99	454120.4188481675
600	100	454270.0156985872
601	101	438700.89051859616
602	102	423800.1041124415
603	103	420379.0238836968
604	104	417842.43048403703
605	105	424227.6004119464
606	106	434168.81111682963
607	107	450340.0309119011
608	108	460548.93837389955
609	109	458974.0932642487
610	110	454678.08930425753
611	111	442284.97409326426
612	112	438266.94257630623
613	113	429757.2314049587
614	114	430299.8965873837
615	115	432546.4876033058
616	116	445667.8700361011
617	117	451481.4814814815
618	118	460804.53842186695
619	119	460041.27966976265
620	120	459032.09109730844
621	121	455222.79792746116
622	122	446518.1347150259
623	123	439127.7258566978
624	124	431725.57172557176
625	125	442649.3506493506
626	126	448385.09316770185
627	127	453347.128815313
628	128	455059.37016004126
629	129	458451.21321631386
630	130	460113.57769747026
631	131	452121.83789364994
632	132	444134.0206185567
633	133	439660.1441812564
634	134	440411.7344312918
635	135	445180.59855521156
636	136	448431.0699588478
637	137	456516.3934426229
638	138	458900.2557544757
639	139	459284.9846782431
640	140	455897.95918367343
641	141	451075.9816420194
642	142	444399.1853360489
643	143	442970.498474059
644	144	439024.88572879636
645	145	442437.91180942726
646	146	447326.230339929
647	147	453686.61257606494
648	148	455387.3417721519
649	149	455108.64072764025
650	150	456332.3201621074
651	151	447022.24469160766
652	152	445075.8341759353
653	153	442558.2573454914
654	154	440227.7327935223
655	155	444699.64664310956
656	156	447198.3846542151
657	157	452554.3753161356
658	158	452431.61094224924
659	159	454018.2186234818
660	160	455628.16616008105
661	161	450841.78498985805
662	162	446950.7864028412
663	163	440172.5888324873
664	164	440795.74252407503
665	165	445901.4728288471
666	166	443585.85858585854
667	167	444909.0909090909
668	168	452330.63700707786
669	169	449242.4242424242
670	170	448763.25088339223
671	171	445335.0125944584
672	172	445423.81432896067
673	173	441791.6456970307
674	174	440408.2661290323
675	175	444091.8264379415
676	176	443865.12330145953
677	177	445977.87833081954
678	178	448974.358974359
679	179	450615.92388582876
680	180	450826.2393590386
681	181	448034.1023069208
682	182	445918.87831747625
683	183	443209.62888666
684	184	440682.7309236948
685	185	441377.06559839763
686	186	447593.984962406
687	187	450225.2252252252
688	188	450710.3551775888
689	189	452053.0796194292
690	190	454917.37606409617
691	191	450627.5100401607
692	192	452753.259779338
693	193	446927.7108433735
694	194	447173.6947791165
695	195	454919.5171026157
696	196	455105.7401812689
697	197	453598.38953195774
698	198	459632.241813602
699	199	454574.3073047859
700	200	457444.5564516129
701	201	452913.3064516129
702	202	453694.5564516129
703	203	452772.17741935485
704	204	451957.618567104
705	205	451633.06451612903
706	206	453660.62437059416
707	207	451442.9868819375
708	208	459409.0909090909
709	209	461456.6532258065
710	210	452977.32997481106
711	211	452541.6036308623
712	212	451928.3190307925
713	213	448167.5921251893
714	214	447328.2828282828
715	215	445894.2065491184
716	216	449884.01412002015
717	217	454152.7567020739
718	218	458863.63636363635
719	219	454272.72727272724
720	220	452619.8889449773
721	221	450931.52064451156
722	222	449315.55108203326
723	223	449692.54032258067
724	224	448845.7661290323
725	225	453994.93670886074
726	226	455005.06072874495
727	227	457648.2513938165
728	228	456712.39837398374
729	229	454237.9746835443
730	230	458724.0506329114
731	231	453252.27963525837
732	232	452351.74860618345
733	233	453340.1015228426
734	234	452678.84322678845
735	235	453294.47541814495
736	236	450944.1624365482
737	237	451185.4103343465
738	238	457602.844083291
739	239	456349.36708860757
740	240	457866.19361378613
741	241	451969.62025316455
742	242	451797.46835443034
743	243	450526.0495700557
744	244	452903.38897319173
745	245	448860.18237082066
746	246	453507.0850202429
747	247	451828.77406281664
748	248	445202.2244691608
749	249	454214.24962102075
750	250	454354.43037974683
751	251	453264.27488630626
752	252	452219.9798183653
753	253	450465.8227848101
754	254	450308.54830551345
755	255	448512.89833080425
756	256	450475.7085020243
757	257	450460.9929078014
758	258	454546.83544303797
759	259	454896.20253164554
760	260	451713.8523761375
761	261	452500.0
762	262	450637.0070778564
763	263	447914.1414141414
764	264	451371.4574898785
765	265	448812.5315816069
766	266	448474.7474747475
767	267	450151.28593040846
768	268	450832.492431887
769	269	451145.3077699294
770	270	451338.38383838383
771	271	449162.88451840647
772	272	450030.1810865191
773	273	444385.08064516133
774	274	449647.53272910375
775	275	444959.7989949749
776	276	446135.67839195975
777	277	447632.241813602
778	278	446045.3400503778
779	279	445947.7124183007
780	280	453034.72571716155
781	281	448784.53038674034
782	282	452471.1200401808
783	283	446867.77275012573
784	284	449185.9296482412
785	285	443843.0583501006
786	286	443648.2412060301
787	287	444598.3935742972
788	288	451087.06592853554
789	289	448879.95981918636
790	290	451764.70588235295
791	291	449256.28140703513
792	292	446634.90471414244
793	293	448748.1146304676
794	294	447205.43806646526
795	295	445760.9241587142
796	296	449312.248995984
797	297	447569.0607734807
798	298	449397.28779507783
799	299	451742.195367573
800	300	450982.36775818636
801	301	451653.2663316583
802	302	446527.84746613144
803	303	449282.4887104867
804	304	448314.099347717
805	305	449527.8754394777
806	306	446552.5918470056
807	307	451511.80311401305
808	308	449341.70854271355
809	309	447774.9874434957
810	310	451996.9818913481
811	311	452283.70221327967
812	312	448150.7537688442
813	313	449688.1287726358
814	314	451458.01910507795
815	315	450020.1308505285
816	316	449894.2598187311
817	317	448416.2895927602
818	318	452294.9169602416
819	319	451899.49748743715
820	320	454326.6331658291
821	321	452225.0252270434
822	322	452829.0468986384
823	323	451212.88374433824
824	324	453625.37764350453
825	325	449441.64989939635
826	326	449909.5931692617
827	327	456042.29607250757
828	328	450321.93158953724
829	329	455186.3041289023
830	330	451756.41670860595
831	331	457361.8090452261
832	332	451559.3561368209
833	333	453660.13071895426
834	334	455606.44187216915
835	335	455010.060362173
836	336	454904.5226130653
837	337	453254.52716297784
838	338	453318.2275931521
839	339	453916.5409753645
840	340	455593.56136820925
841	341	454615.7709693621
842	342	455804.8289738431
843	343	453994.97487437184
844	344	456427.13567839196
845	345	453249.6233048719
846	346	454170.4260651629
847	347	451014.5655449523
848	348	454706.1778001005
849	349	458463.8554216868
850	350	456436.0902255639
851	351	458858.7229763701
852	352	455440.88176352705
853	353	451718.4368737475
854	354	454984.9699398798
855	355	457525.0
856	356	454443.8877755511
857	357	452769.1537305959
858	358	453393.3933933934
859	359	460376.12838515546
860	360	459909.8647971958
861	361	456840.2603905859
862	362	455059.9400599401
863	363	457231.3843078461
864	364	457249.1263105342
865	365	456846.84684684686
866	366	455735.73573573574
867	367	458395.0
868	368	457215.8237356034
869	369	454812.40620310156
870	370	460130.06503251626
871	371	458314.21446384036
872	372	459850.07496251876
873	373	460285.14257128566
874	374	457717.28271728277
875	375	459425.0
876	376	457161.4192903548
877	377	455020.0
878	378	457157.15715715714
879	379	455787.8939469735
880	380	460324.8375812094
881	381	461201.2012012012
882	382	456701.7017017017
883	383	458944.47223611805
884	384	455277.6388194097
885	385	460005.0100200401
886	386	458957.91583166335
887	387	457863.931965983
888	388	457701.55232849275
889	389	461308.926780341
890	390	462029.05811623245
891	391	461453.634085213
892	392	459443.60902255634
893	393	460972.43107769423
894	394	460355.8897243108
895	395	455237.6188094047
896	396	460476.66833918716
897	397	457635.5421686747
898	398	461948.7694625816
899	399	461180.3114013059
900	400	461380.52208835346
901	401	460406.6265060241
902	402	457511.2895132965
903	403	457041.12337011035
904	404	462919.59798994975
905	405	458851.55466399196
906	406	460577.59919638373
907	407	459989.9849774662
908	408	457428.4279256655
909	409	458592.25741578685
910	410	461308.926780341
911	411	457981.9277108434
912	412	459728.77950778505
913	413	458372.6770467102
914	414	458870.4819277109
915	415	458323.2931726908
916	416	456031.1088810838
917	417	457091.91361125064
918	418	459066.265060241
919	419	462910.1856497742
920	420	458726.1785356068
921	421	459411.76470588235
922	422	457303.25814536336
923	423	458548.46810647915
924	424	457751.0040160643
925	425	454842.2633950927
926	426	460210.6318956871
927	427	455473.2098147221
928	428	459286.79055750876
929	429	460095.33366783743
930	430	454799.5991983968
931	431	458221.44288577157
932	432	457004.5158053186
933	433	456855.2829243866
934	434	462483.69292523834
935	435	458966.38233818364
936	436	456467.6367285499
937	437	451650.0
938	438	458555.0
939	439	451038.1143430291
940	440	453396.7935871743
941	441	453927.85571142286
942	442	453293.23308270675
943	443	454274.27427427424
944	444	452742.7427427427
945	445	457193.59679839923
946	446	454849.6993987976
947	447	455661.3226452906
948	448	454782.1732598899
949	449	453986.9934967484
950	450	455683.5252879319
951	451	451838.1618381619
952	452	457299.5991983968
953	453	450808.78681977035
954	454	454250.0
955	455	453046.09218436875
956	456	453606.39360639366
957	457	452481.27808287565
958	458	454659.65965965966
959	459	455247.62381190597
960	460	453003.9920159681
961	461	451932.8993490236
962	462	454250.0
963	463	454904.8096192385
964	464	452692.6926926927
965	465	456128.06403201603
966	466	452386.19309654826
967	467	452199.3987975952
968	468	453988.988988989
969	469	453027.5689223057
970	470	453269.90485728596
971	471	452291.1455727864
972	472	455956.9138276553
973	473	454879.7595190381
974	474	452077.07707707706
975	475	452969.45418127195
976	476	452785.57114228455
977	477	453094.6419629444
978	478	454231.34702053084
979	479	448302.4536805208
980	480	453077.69423558895
981	481	453547.09418837674
982	482	450991.9839679359
983	483	452776.9423558897
984	484	453299.8996990973
985	485	450070.07007007004
986	486	459152.4573721164
987	487	452753.259779338
988	488	449723.6180904522
989	489	451506.0240963856
990	490	451871.5504264927
991	491	451359.75915704964
992	492	451700.10030090273
993	493	453234.55549974885
994	494	455849.24623115576
995	495	455456.827309237
996	496	457415.78682755155
997	497	455243.8411261941
998	498	454512.5628140703
999	499	454206.03015075374
1000	500	451496.2216624685
