	index	normalized_values
0	-500	454319.31931931933
1	-499	906800.4012036108
2	-498	904785.2147852149
3	-497	451974.01299350325
4	-496	452362.6373626374
5	-495	453283.3583208396
6	-494	453220.1697453819
7	-493	453089.26780341024
8	-492	454145.8541458542
9	-491	453046.9530469531
10	-490	454365.0
11	-489	453580.0
12	-488	455541.6874687968
13	-487	453053.4732633683
14	-486	452562.4375624376
15	-485	454375.6243756244
16	-484	451960.0
17	-483	453168.415792104
18	-482	455264.7352647353
19	-481	454357.8210894553
20	-480	455348.0220330496
21	-479	453761.2387612388
22	-478	450865.0
23	-477	455820.8208208208
24	-476	455002.4987506247
25	-475	455720.7207207207
26	-474	451082.83433133736
27	-473	457033.5167583792
28	-472	454849.6993987976
29	-471	455579.4205794206
30	-470	455370.0
31	-469	458371.6283716284
32	-468	455597.79889944976
33	-467	457135.0
34	-466	456892.2305764411
35	-465	455435.43543543544
36	-464	454037.111334002
37	-463	457338.3458646616
38	-462	457041.12337011035
39	-461	453673.67367367365
40	-460	460300.15007503756
41	-459	456800.4012036108
42	-458	458996.4877069744
43	-457	456275.68922305765
44	-456	458526.31578947365
45	-455	456999.49824385345
46	-454	455436.30892678036
47	-453	459648.9468405216
48	-452	459563.6910732197
49	-451	457491.219267436
50	-450	458551.3078470825
51	-449	462528.8509784245
52	-448	458583.626318433
53	-447	458078.273958856
54	-446	458147.5903614458
55	-445	455381.9095477387
56	-444	459106.8740592072
57	-443	459215.291750503
58	-442	460010.055304173
59	-441	456388.32997987926
60	-440	459150.7537688442
61	-439	457634.35459568055
62	-438	459150.7537688442
63	-437	457202.4108488197
64	-436	458590.06522829906
65	-435	456721.8875502008
66	-434	457677.22473604826
67	-433	455946.76042189857
68	-432	456539.42742340534
69	-431	454997.4912192674
70	-430	461343.0583501006
71	-429	457616.6583040642
72	-428	459673.2026143791
73	-427	455781.01456554496
74	-426	457652.9588766299
75	-425	459463.92785571143
76	-424	459115.1332327803
77	-423	455749.49698189134
78	-422	455940.6438631791
79	-421	458526.1569416499
80	-420	463271.35678391956
81	-419	457384.7695390782
82	-418	460898.1435022579
83	-417	461435.0225790266
84	-416	457248.1203007519
85	-415	457256.7703109328
86	-414	458403.61445783137
87	-413	458662.6445449975
88	-412	457628.14070351754
89	-411	455964.91228070174
90	-410	457008.0321285141
91	-409	460541.08216432866
92	-408	458157.2358537807
93	-407	459630.36963036965
94	-406	460205.2052052052
95	-405	458404.2021010505
96	-404	459569.3540310466
97	-403	459579.5795795796
98	-402	458599.2996498249
99	-401	457933.9669834918
100	-400	459329.6648324162
101	-399	457483.7418709355
102	-398	457897.89789789787
103	-397	460339.4907638542
104	-396	456523.47652347654
105	-395	459455.8162755866
106	-394	456626.80617837573
107	-393	458556.44355644356
108	-392	458341.65834165836
109	-391	460315.3153153153
110	-390	462321.5177234149
111	-389	459069.06906906905
112	-388	457907.09290709294
113	-387	455685.7855361596
114	-386	459187.4376869392
115	-385	458468.0638722555
116	-384	458752.49500998005
117	-383	457316.7082294264
118	-382	459830.1698301699
119	-381	456954.1375872383
120	-380	458798.00498753117
121	-379	454385.6143856144
122	-378	453740.64837905235
123	-377	457750.62344139646
124	-376	458428.927680798
125	-375	462331.16558279144
126	-374	459485.5144855145
127	-373	459835.0
128	-372	460225.1125562781
129	-371	459187.84255107126
130	-370	455837.0814592704
131	-369	457617.3826173826
132	-368	458474.2371185593
133	-367	457976.9654481723
134	-366	457222.2222222222
135	-365	457035.0
136	-364	458893.89389389387
137	-363	457436.154231347
138	-362	458469.643753136
139	-361	457424.69879518077
140	-360	455596.19238476956
141	-359	454706.47265429003
142	-358	458559.95985950826
143	-357	456833.91871550423
144	-356	459549.09819639276
145	-355	457728.184553661
146	-354	460185.9296482412
147	-353	456504.5135406219
148	-352	453696.63485685585
149	-351	461395.4659949622
150	-350	459623.30487192364
151	-349	455606.44187216915
152	-348	456921.52917505027
153	-347	459265.96279537457
154	-346	460387.32394366193
155	-345	458251.256281407
156	-344	461353.79969803727
157	-343	456854.5546049321
158	-342	452272.498743087
159	-341	457927.5653923541
160	-340	455835.01006036217
161	-339	457356.2058526741
162	-338	452587.93969849247
163	-337	457842.7419354839
164	-336	453584.7159376571
165	-335	454471.8309859155
166	-334	456010.05025125627
167	-333	457635.5421686747
168	-332	456067.30286288296
169	-331	455911.3796576032
170	-330	449548.4194681385
171	-329	455191.14688128774
172	-328	454846.50226472074
173	-327	457283.70221327967
174	-326	455684.89713998995
175	-325	456566.1136249372
176	-324	457293.7625754527
177	-323	457697.3353443942
178	-322	454826.37141419225
179	-321	455098.03921568627
180	-320	458103.62173038226
181	-319	452932.59557344066
182	-318	453867.4033149171
183	-317	456485.6711915536
184	-316	452768.8442211055
185	-315	457618.09045226127
186	-314	453209.4424912105
187	-313	455827.04876822524
188	-312	451538.46153846156
189	-311	456130.3258145363
190	-310	454524.88687782804
191	-309	457118.3879093199
192	-308	454671.679197995
193	-307	456752.13675213675
194	-306	453037.5939849624
195	-305	450926.3895843766
196	-304	455082.8729281768
197	-303	456775.3259779338
198	-302	452279.1164658635
199	-301	456478.8732394366
200	-300	455439.4776494224
201	-299	456265.664160401
202	-298	452421.05263157893
203	-297	454241.3620430646
204	-296	451793.5871743487
205	-295	455218.4831742843
206	-294	452180.90452261304
207	-293	451112.2244488978
208	-292	453680.24132730014
209	-291	454107.5917546506
210	-290	457843.8287153652
211	-289	452151.83509301156
212	-288	451161.9718309859
213	-287	455842.1317244847
214	-286	454791.1424257675
215	-285	457095.3101361573
216	-284	452521.3890286865
217	-283	455103.3787191124
218	-282	456703.62903225806
219	-281	453674.39516129036
220	-280	454407.4634392335
221	-279	453528.22580645164
222	-278	457787.8787878788
223	-277	452275.9315206445
224	-276	458047.4268415742
225	-275	455513.40414769854
226	-274	457184.8101265823
227	-273	456574.02728650835
228	-272	458113.3029843197
229	-271	453670.37411526794
230	-270	454482.06164729665
231	-269	457180.39413845376
232	-268	455829.95951417007
233	-267	459027.3556231003
234	-266	454260.3850050659
235	-265	457507.6297049847
236	-264	456308.3164300203
237	-263	458513.4449518011
238	-262	458263.2911392405
239	-261	455970.52845528454
240	-260	456961.8320610687
241	-259	457140.6727828746
242	-258	459164.96945010184
243	-257	453697.8636826043
244	-256	459984.71726948547
245	-255	459653.76782077394
246	-254	454905.8524173028
247	-253	457860.77235772356
248	-252	458158.69786368264
249	-251	455033.11258278147
250	-250	460923.94078611536
251	-249	459106.6870852476
252	-248	457266.22381195705
253	-247	460597.8538579458
254	-246	461889.96434029547
255	-245	457382.8920570265
256	-244	460973.496432212
257	-243	456452.5993883792
258	-242	459400.1016776817
259	-241	459220.5807437595
260	-240	460280.18339276616
261	-239	458639.83698420785
262	-238	457783.4265378749
263	-237	459877.92472024413
264	-236	458029.45657694264
265	-235	458813.3874239351
266	-234	454487.11470439617
267	-233	454855.98787266295
268	-232	454964.6821392533
269	-231	455358.58585858584
270	-230	454333.3333333333
271	-229	457142.1370967742
272	-228	456839.9798081777
273	-227	457062.0898536093
274	-226	452311.17824773415
275	-225	454952.2373051785
276	-224	453314.9448345035
277	-223	450406.2186559679
278	-222	453119.6795192789
279	-221	456110.55276381905
280	-220	456053.29311211663
281	-219	457095.3101361573
282	-218	456745.7114026236
283	-217	455773.2997481108
284	-216	453994.97487437184
285	-215	456628.14070351754
286	-214	459420.3629032258
287	-213	455845.0704225352
288	-212	456307.3047858942
289	-211	453484.390735146
290	-210	457461.03569632984
291	-209	455186.3041289023
292	-208	456738.9112903226
293	-207	457263.5814889336
294	-206	457581.6993464052
295	-205	458336.6834170854
296	-204	454615.3846153846
297	-203	450286.0010035123
298	-202	452129.58312405826
299	-201	456808.6172344689
300	-200	457474.8995983936
301	-199	457604.01002506266
302	-198	456541.1646586346
303	-197	455430.86172344687
304	-196	455228.52837769967
305	-195	458090.22556390974
306	-194	455704.26065162907
307	-193	455750.12543903664
308	-192	458546.277665996
309	-191	456512.0967741936
310	-190	459175.8793969849
311	-189	460075.5287009064
312	-188	460449.0413723512
313	-187	456404.4377206253
314	-186	462301.86774356384
315	-185	459150.65722952475
316	-184	459155.7128412538
317	-183	455149.36708860757
318	-182	460843.4959349593
319	-181	462852.0589730554
320	-180	458385.9470468432
321	-179	461320.0815494393
322	-178	461377.55102040817
323	-177	461558.0448065173
324	-176	458624.5542536933
325	-175	460040.8163265306
326	-174	460321.5926493109
327	-173	456717.71311893826
328	-172	459959.12110373017
329	-171	460937.019969278
330	-170	462501.28139415686
331	-169	460230.6509482317
332	-168	456869.5652173913
333	-167	459005.6381342901
334	-166	457364.10256410256
335	-165	458710.33776867966
336	-164	457777.77777777775
337	-163	455973.4287174246
338	-162	457704.91803278687
339	-161	455775.950668037
340	-160	455517.41803278687
341	-159	459042.00819672126
342	-158	460559.261159569
343	-157	456185.35586277524
344	-156	458002.04918032786
345	-155	457868.8524590164
346	-154	464149.5901639344
347	-153	462769.23076923075
348	-152	461175.5646817248
349	-151	462663.9344262295
350	-150	459779.2607802875
351	-149	462319.95884773665
352	-148	462923.3144621719
353	-147	459201.8537590113
354	-146	462218.21924858465
355	-145	462254.75089881866
356	-144	458738.4615384615
357	-143	460943.58974358975
358	-142	464232.939969215
359	-141	466102.56410256407
360	-140	463782.11716341216
361	-139	462965.6233966137
362	-138	462909.83606557373
363	-137	460718.68583162216
364	-136	460774.7562852745
365	-135	457039.8773006135
366	-134	458363.08006119326
367	-133	459257.9324462641
368	-132	460403.6791006643
369	-131	455578.7863335033
370	-130	457548.6182190379
371	-129	455810.74168797955
372	-128	455983.6901121304
373	-127	455023.01790281327
374	-126	457036.8474923235
375	-125	454532.8542094456
376	-124	458226.2210796915
377	-123	454349.6143958869
378	-122	450272.35354573483
379	-121	455835.04098360654
380	-120	452180.7967313585
381	-119	451322.3987698616
382	-118	457826.0869565217
383	-117	458533.950617284
384	-116	454023.69912416284
385	-115	455594.6225439504
386	-114	458950.90439276485
387	-113	458315.18921721104
388	-112	455227.7432712215
389	-111	456341.0852713178
390	-110	451524.9871200412
391	-109	453567.0103092783
392	-108	453345.36082474224
393	-107	452306.10134436405
394	-106	454524.67532467534
395	-105	456098.0699008868
396	-104	458304.5525902669
397	-103	452590.6463478718
398	-102	454440.94488188974
399	-101	454193.37887545984
400	-100	453430.9623430962
401	-99	446046.99738903396
402	-98	450204.0816326531
403	-97	451351.4929282347
404	-96	446704.9608355091
405	-95	457539.7667020149
406	-94	456526.3718700053
407	-93	458310.9198493814
408	-92	454145.1612903226
409	-91	452541.73397953686
410	-90	447712.453233565
411	-89	447423.3458848843
412	-88	446609.5340117836
413	-87	442453.03274288785
414	-86	443879.0797217763
415	-85	455301.2048192771
416	-84	442287.72309356404
417	-83	446611.3875069099
418	-82	444625.6239600666
419	-81	438405.3156146179
420	-80	431716.5005537098
421	-79	433781.9799777531
422	-78	419575.1633986928
423	-77	417400.8810572687
424	-76	461293.9001848429
425	-75	363094.0082644628
426	-74	393653.0729465824
427	-73	10492739.726027397
428	-72	141315.68228105907
429	-71	31717.771183646553
430	-70	802823.588205897
431	-69	883365.0793650794
432	-68	671174.6804625684
433	-67	529617.0212765958
434	-66	477678.47105115233
435	-65	435778.4911717496
436	-64	424274.0703005604
437	-63	420771.86126038106
438	-62	430998.09885931556
439	-61	455038.57280617167
440	-60	477611.79361179366
441	-59	512072.40293809026
442	-58	542738.7078330475
443	-57	543734.3656938655
444	-56	518377.4250440917
445	-55	481048.7941671341
446	-54	453068.06282722513
447	-53	452714.3581938103
448	-52	453386.0603064755
449	-51	468658.4766584767
450	-50	483454.63609172485
451	-49	509089.96359854395
452	-48	522683.9826839827
453	-47	507555.07791509945
454	-46	468996.4340295466
455	-45	453870.33398821217
456	-44	469807.5974346325
457	-43	474699.09729187563
458	-42	458572.14178731904
459	-41	430039.04343582236
460	-40	416926.7822736031
461	-39	434191.17647058825
462	-38	461695.60776302346
463	-37	477503.9577836412
464	-36	475933.5443037975
465	-35	460556.1224489796
466	-34	441627.5659824047
467	-33	432427.5534441805
468	-32	434978.7032654993
469	-31	449320.8092485549
470	-30	471315.0
471	-29	490896.69638175145
472	-28	487465.2406417112
473	-27	482100.75026795286
474	-26	467947.50656167977
475	-25	458858.9211618257
476	-24	464022.69210933475
477	-23	446803.0690537084
478	-22	445364.9821337417
479	-21	441278.8365095286
480	-20	436459.9609375
481	-19	442655.0387596899
482	-18	459800.0
483	-17	475123.3014594867
484	-16	496078.83817427384
485	-15	513175.02668089647
486	-14	506604.07725321886
487	-13	478315.2454780362
488	-12	436407.6246334311
489	-11	418439.2789373814
490	-10	434372.2304283604
491	-9	445626.61165549257
492	-8	424395.88688946015
493	-7	403903.162055336
494	-6	417194.0009675859
495	-5	456485.14851485146
496	-4	481703.0784508441
497	-3	469751.7039922103
498	-2	458340.54834054835
499	-1	455968.20809248555
500	0	458481.5724815725
501	1	467375.88652482274
502	2	480652.17391304346
503	3	469658.3375828659
504	4	469527.63819095475
505	5	456131.52804642165
506	6	451235.74144486693
507	7	474931.10236220475
508	8	498826.5835929387
509	9	508438.021122846
510	10	494236.5097588978
511	11	462535.37068477646
512	12	456054.6448087432
513	13	460366.97247706424
514	14	476252.0281233099
515	15	467013.7420718816
516	16	450539.7148676171
517	17	449282.2265625
518	18	455340.3643336529
519	19	466053.0120481928
520	20	456714.4906743185
521	21	457460.39366298605
522	22	465873.6426456071
523	23	474690.4024767802
524	24	480888.65096359747
525	25	475731.2466270912
526	26	460042.2609614369
527	27	449382.71604938275
528	28	445510.3066867773
529	29	434128.305582762
530	30	430590.799031477
531	31	433151.0164569216
532	32	448261.29666011786
533	33	478621.7457886677
534	34	504150.2397442728
535	35	511538.04347826086
536	36	490127.6595744681
537	37	459989.87854251015
538	38	441362.9629629629
539	39	445900.09891196835
540	40	455620.91503267974
541	41	471751.55925155926
542	42	483929.1465378422
543	43	481912.80653950956
544	44	468345.78441835643
545	45	454865.8410732714
546	46	463252.5252525252
547	47	474910.0899100899
548	48	468026.5748031496
549	49	444708.9947089947
550	50	435014.137606032
551	51	444431.8717586044
552	52	455831.7580340264
553	53	465144.0922190202
554	54	480476.9001490313
555	55	485418.7946884576
556	56	474143.4468524252
557	57	457862.67423851317
558	58	428035.71428571426
559	59	408279.0028763183
560	60	406293.18394024274
561	61	421518.81096144917
562	62	445150.2542764679
563	63	460757.8646329838
564	64	480019.8117880139
565	65	495138.961719979
566	66	493293.6078006501
567	67	471287.8370941112
568	68	433836.11691022967
569	69	391800.5808325266
570	70	303029.1193181818
571	71	302403.6440084093
572	72	439735.78863090475
573	73	3671394.1018766756
574	74	846581.0593900481
575	75	62181.571815718155
576	76	436694.0063091483
577	77	454101.49253731343
578	78	397429.41176470584
579	79	408413.34894613584
580	80	432455.0203134068
581	81	427994.31818181823
582	82	437697.55542922113
583	83	438252.97787861596
584	84	435553.70061213133
585	85	436807.92515134835
586	86	436851.4531754575
587	87	434689.8395721925
588	88	440053.24813631526
589	89	444200.1070090957
590	90	447648.6341724692
591	91	444818.76332622604
592	92	444006.3593004769
593	93	442129.67843964155
594	94	442187.33647305076
595	95	439283.8473601673
596	96	445817.7083333333
597	97	447957.15778474405
598	98	446102.13652944245
599	99	445900.52356020943
600	100	450549.4505494506
601	101	454489.26139339973
602	102	452581.9885476315
603	103	446531.6718587747
604	104	443759.01132852724
605	105	445844.49021627184
606	106	450442.6145136387
607	107	452405.97630087583
608	108	453138.2703262558
609	109	455383.41968911915
610	110	457071.65109034267
611	111	455792.7461139896
612	112	454728.4014485256
613	113	458904.95867768594
614	114	451246.1220268873
615	115	453662.19008264464
616	116	455100.56730273337
617	117	452037.0370370371
618	118	457117.0706549768
619	119	457440.6604747162
620	120	458928.5714285714
621	121	463326.4248704663
622	122	461476.6839378238
623	123	464008.3073727934
624	124	460597.71309771313
625	125	461703.8961038961
626	126	460838.5093167702
627	127	459301.60372478014
628	128	460629.839958699
629	129	459328.85906040267
630	130	457392.875580795
631	131	460862.1579762519
632	132	460680.412371134
633	133	458861.9979402677
634	134	461966.0319094184
635	135	463452.01238390093
636	136	461491.76954732515
637	137	459733.60655737703
638	138	458199.48849104857
639	139	459596.5270684372
640	140	461954.081632653
641	141	459989.8011218766
642	142	455651.73116089613
643	143	458555.4425228891
644	144	456521.07668867445
645	145	457435.37759756716
646	146	457442.92237442924
647	147	458326.5720081136
648	148	459792.40506329114
649	149	456442.6478019202
650	150	456930.09118541033
651	151	454524.7724974722
652	152	456597.57330637006
653	153	456317.12259371835
654	154	455996.96356275305
655	155	452574.4573447754
656	156	451756.6885411408
657	157	456889.2261001518
658	158	456094.2249240122
659	159	457601.21457489877
660	160	454463.01925025333
661	161	453204.86815415823
662	162	451141.5525114155
663	163	454005.07614213193
664	164	453117.08058793715
665	165	454956.8308786186
666	166	452171.71717171714
667	167	456808.0808080808
668	168	453938.32153690595
669	169	453878.78787878784
670	170	452942.9581019687
671	171	451390.4282115869
672	172	452648.83955600404
673	173	450920.9864116759
674	174	457046.37096774194
675	175	455635.721493441
676	176	454740.8152994464
677	177	451593.76571141277
678	178	455173.4539969834
679	179	453400.10015022533
680	180	453700.5508262394
681	181	451043.1293881645
682	182	452623.93590385583
683	183	455641.925777332
684	184	453524.0963855422
685	185	453254.8823234853
686	186	452250.626566416
687	187	457067.0670670671
688	188	454462.2311155578
689	189	454226.3395092639
690	190	456389.5843765649
691	191	456430.7228915663
692	192	455742.2266800401
693	193	460175.702811245
694	194	457384.5381526105
695	195	455975.8551307847
696	196	459300.10070493456
697	197	462939.1041771515
698	198	463365.2392947103
699	199	461209.06801007554
700	200	460917.33870967745
701	201	460010.08064516133
702	202	459959.67741935485
703	203	456199.5967741936
704	204	461220.9889001009
705	205	457111.89516129036
706	206	459174.21953675733
707	207	459626.6397578204
708	208	464489.89898989897
709	209	459319.5564516129
710	210	456926.95214105793
711	211	455516.89359556226
712	212	458798.5865724382
713	213	455073.1953558809
714	214	455156.56565656565
715	215	456176.322418136
716	216	458825.01260716084
717	217	458462.31664137583
718	218	459237.37373737374
719	219	459994.9494949495
720	220	458970.2170620899
721	221	460100.7049345418
722	222	460664.3180674384
723	223	459435.48387096776
724	224	458195.56451612903
725	225	461812.65822784806
726	226	462692.3076923077
727	227	461322.8585909782
728	228	461102.64227642276
729	229	460997.46835443034
730	230	461721.5189873417
731	231	462223.91084093216
732	232	460339.5843892549
733	233	460294.4162436548
734	234	462663.62252663623
735	235	460076.02635580336
736	236	462000.0
737	237	458844.9848024316
738	238	458308.7861858812
739	239	454926.582278481
740	240	457029.9036999493
741	241	458364.5569620253
742	242	458800.0
743	243	456403.6418816389
744	244	458184.1173495195
745	245	460410.3343465046
746	246	457312.75303643727
747	247	458981.76291793317
748	248	455101.1122345804
749	249	455068.21627084387
750	250	456663.2911392405
751	251	453784.7397675594
752	252	456770.93844601413
753	253	456516.4556962025
754	254	456307.53667172487
755	255	456181.0824481538
756	256	459858.2995951417
757	257	453627.15298885514
758	258	455741.7721518987
759	259	456987.3417721519
760	260	454858.44287158747
761	261	458674.08906882594
762	262	460990.8998988877
763	263	453141.4141414141
764	264	458284.4129554656
765	265	458453.7645275392
766	266	457328.2828282828
767	267	452450.83207261725
768	268	455787.08375378407
769	269	455196.77093844605
770	270	460202.0202020202
771	271	457307.11043872917
772	272	454114.6881287726
773	273	455105.8467741936
774	274	458222.55790533737
775	275	455798.99497487437
776	276	454356.783919598
777	277	458629.72292191436
778	278	456785.8942065491
779	279	456737.0537958773
780	280	457060.89582284854
781	281	454565.5449522853
782	282	455826.2179809141
783	283	455012.5691302162
784	284	453603.01507537684
785	285	454205.23138833
786	286	454005.0251256281
787	287	450326.3052208836
788	288	456572.722697534
789	289	458684.07835258666
790	290	456812.46857717447
791	291	454241.20603015076
792	292	452607.82347041124
793	293	455183.5093011564
794	294	456858.00604229607
795	295	455906.5796082371
796	296	453288.1526104418
797	297	454942.2400803616
798	298	454334.5052737318
799	299	455025.17623363546
800	300	455264.483627204
801	301	455195.97989949747
802	302	455052.6843953838
803	303	451796.2870045158
804	304	455659.8093326643
805	305	457232.5464590658
806	306	456683.4423754404
807	307	458026.11752887996
808	308	457547.73869346734
809	309	456082.370668006
810	310	457580.48289738427
811	311	456599.5975855131
812	312	455125.6281407035
813	313	459758.5513078471
814	314	454962.29260935145
815	315	459687.97181680927
816	316	459934.54179254785
817	317	457174.45952740073
818	318	460835.4302969301
819	319	458597.98994974873
820	320	457115.5778894472
821	321	458304.74268415745
822	322	456782.6525466465
823	323	457795.67186713644
824	324	458126.88821752265
825	325	459994.9698189135
826	326	456047.21245605225
827	327	457628.39879154076
828	328	457761.569416499
829	329	457754.27995971806
830	330	454252.6421741319
831	331	458738.69346733665
832	332	454300.80482897384
833	333	456068.37606837606
834	334	461142.4257674887
835	335	455261.569416499
836	336	454512.5628140703
837	337	457686.1167002012
838	338	459144.00805639476
839	339	454047.25992961286
840	340	457867.2032193159
841	341	456850.8287292818
842	342	456916.49899396376
843	343	457291.45728643215
844	344	455597.98994974873
845	345	459100.95429432445
846	346	456756.8922305764
847	347	455715.72074334504
848	348	458232.04419889505
849	349	457906.6265060241
850	350	458456.1403508772
851	351	458697.8381096028
852	352	455521.04208416835
853	353	454819.6392785571
854	354	455541.08216432866
855	355	457050.0
856	356	456858.71743486973
857	357	460295.44316474715
858	358	457192.1921921922
859	359	460310.9327983952
860	360	459624.4366549825
861	361	459023.53530295443
862	362	460719.28071928077
863	363	456721.6391804098
864	364	457269.0963554668
865	365	457737.7377377377
866	366	459239.23923923925
867	367	457350.0
868	368	459298.948422634
869	369	452711.35567783896
870	370	459834.91745872935
871	371	454478.8029925187
872	372	457926.03698150924
873	373	460185.09254627314
874	374	455394.60539460543
875	375	459645.0
876	376	461329.3353323338
877	377	458870.0
878	378	459789.78978978976
879	379	457763.8819409705
880	380	457786.10694652674
881	381	460240.24024024024
882	382	461641.6416416416
883	383	458269.1345672837
884	384	459594.7973986994
885	385	458957.91583166335
886	386	460480.9619238477
887	387	457533.7668834417
888	388	459759.6394591888
889	389	458771.3139418255
890	390	463637.2745490982
891	391	459488.72180451127
892	392	459929.8245614035
893	393	460310.77694235585
894	394	461789.4736842105
895	395	459239.61980990495
896	396	462995.4841946814
897	397	462409.6385542169
898	398	460075.33902561525
899	399	459784.0281265696
900	400	461395.5823293173
901	401	458338.35341365467
902	402	463291.52032112394
903	403	464262.7883650953
904	404	462266.33165829146
905	405	459618.85656970914
906	406	460637.8704168759
907	407	461126.6900350526
908	408	457850.326469111
909	409	462307.6923076923
910	410	458114.3430290873
911	411	458820.281124498
912	412	459201.40632847813
913	413	456619.78905072826
914	414	459829.31726907636
915	415	459136.546184739
916	416	456046.1615654792
917	417	457729.78402812657
918	418	459784.1365461848
919	419	457706.9744104365
920	420	462331.9959879639
921	421	458803.4188034188
922	422	456446.1152882205
923	423	457453.5409342039
924	424	461295.1807228916
925	425	460050.07511266903
926	426	459302.9087261786
927	427	459549.323985979
928	428	461140.1305876444
929	429	459036.6281986954
930	430	456643.2865731463
931	431	458421.8436873747
932	432	457752.13246362266
933	433	460941.4121181773
934	434	457114.90215755143
935	435	457767.18514801806
936	436	460155.544405419
937	437	457960.0
938	438	457650.0
939	439	457181.54463390174
940	440	456568.1362725451
941	441	458156.3126252505
942	442	460892.2305764411
943	443	457377.37737737736
944	444	462052.05205205205
945	445	455087.543771886
946	446	456928.85771543084
947	447	454594.18837675353
948	448	456159.23885828746
949	449	452586.2931465733
950	450	456870.3054581873
951	451	453776.2237762238
952	452	453582.1643286573
953	453	452910.6340489266
954	454	456935.0
955	455	456097.19438877754
956	456	456603.3966033966
957	457	452800.79880179727
958	458	457957.95795795793
959	459	453496.7483741871
960	460	453058.88223552896
961	461	453620.430645969
962	462	454265.0
963	463	456167.33466933866
964	464	456051.05105105106
965	465	456173.08654327167
966	466	455977.9889944973
967	467	454198.3967935872
968	468	455300.3003003003
969	469	456756.8922305764
970	470	453640.4606910366
971	471	455652.82641320664
972	472	458071.14228456916
973	473	460285.57114228455
974	474	456461.46146146144
975	475	454641.9629444167
976	476	459058.1162324649
977	477	458207.3109664497
978	478	455388.0821231848
979	479	454977.466199299
980	480	455268.17042606516
981	481	454078.1563126253
982	482	453151.3026052104
983	483	458441.1027568922
984	484	454884.65396188566
985	485	455495.4954954955
986	486	451935.8074222668
987	487	456349.04714142426
988	488	457768.8442211055
989	489	455552.2088353414
990	490	454274.962368289
991	491	452724.53587556444
992	492	455215.6469408225
993	493	455339.02561526874
994	494	455095.4773869346
995	495	459066.265060241
996	496	455796.8828557064
997	497	456902.96631473105
998	498	454140.7035175879
999	499	460587.9396984924
1000	500	454654.9118387909
